Penalty: $3000
Required days: 174
Target day: 70 700
1	1	1	0%	100%
2	1	2	70%	100%
3	2	2	50%	70%
4	2	2	30%	40%
5	4	4	50%	30%
6	5	5	40%	50%
7	5	5	40%	60%
8	7	7	30%	60%
9	1	5	70%	40%
NumMethod: 5
Excavation	39853	36230	0	56	65214	43476	0	37	65214	79706	0	30	108690	105067	0	20	0	0	300709	15
Foundation	54345	43476	0	64	97821	54345	0	41	90575	90575	0	34	170281	108690	0	22	0	0	365923	17
Basement	20754	25366	0	48	69180	36896	0	36	80710	80710	0	24	136054	92240	0	16	0	0	338982	11
Framing	72460	57968	0	90	134051	76083	0	56	163035	126805	0	41	242741	152166	0	30	0	0	554319	21
Closure	126805	36230	0	90	134051	126805	0	56	173904	152166	0	45	326070	228249	0	26	0	0	663009	22
Roof	79706	79706	0	113	130428	108690	0	75	163035	199265	0	50	289840	271725	0	32	0	0	688370	26
Siding	118560	98800	0	123	248976	130416	0	70	355680	79040	0	61	395200	308256	0	38	0	0	814112	32
Finishing	161385	184440	0	192	230550	368880	0	115	414990	184440	0	82	368880	576375	0	52	0	0	1212693	41
Mech/Elec	0	0	256880	247	0	0	355680	164	0	0	592800	98	0	0	869440	70	0	0	1185600	54